
running 0 tests

test result: ok. 0 passed; 0 failed; 0 ignored; 0 measured; 0 filtered out; finished in 0.00s


running 0 tests

test result: ok. 0 passed; 0 failed; 0 ignored; 0 measured; 4 filtered out; finished in 0.00s


running 1 test
test fmm::single_node::test::test_upward_pass_vector_helmholtz ... FAILED

failures:

---- fmm::single_node::test::test_upward_pass_vector_helmholtz stdout ----
NBOX Some(1)
multipole_re = np.array([1.5501295430152382, 3.0075997943026103, 5.188864153124917, 3.6283996587570035, 2.1209628676809453, 3.5415475331843074, 21.495539712175866, 14.565483275378108, 18.677846601362205, 3.9019003128931424, 6.839422559847415, 20.13569482132179, 25.541705649652474, 13.94705296986874, 7.242024560156535, 3.821922365486147, 21.10802362599805, 13.339190367515126, 17.5689612910849, 2.9898853239150047, 1.5751266167499214, 2.574561924941873, 4.901574228404334, 2.522662186170984, 1.9482678796849586, 3.0791804099992284, 17.492419774023645, 14.72519016016022, 17.979941786631944, 2.344692798826908, 18.403946624839925, 21.34717281974953, 19.50789401869887, 15.344399440728731, 23.128936416645633, 23.219624325337218, 3.1901233798336674, 19.614582305447705, 11.339250109463682, 17.999903416808138, 4.18206867460993, 5.415736421106322, 16.4720643467225, 25.059232369728303, 12.526596966630612, 4.416486235077441, 14.266721310526155, 14.251315941151294, 23.204880446309357, 24.97787069656075, 14.396000698205098, 14.615986714015103, 6.068989503996176, 15.442170410559248, 24.425326607772284, 14.511886203457305, 5.144016024250537, 2.058017287145704, 17.1373719589124, 15.355402959773624, 15.434869524173523, 2.694608714635559, 17.875858775459402, 15.002986582930777, 17.36718646661713, 15.337784933171289, 17.390630810940312, 18.889397772495396, 2.6927502180763985, 19.32519582347035, 14.975531041833035, 19.27918940367034, 2.5669225145054693, 0.9936430895634091, 2.5371556803805477, 4.664503285045008, 2.401291347556694, 0.7796578193481045, 3.744852631356812, 20.339286368769756, 15.813746532131846, 18.217234355781518, 2.4638381223797055, 5.63931977523199, 15.429362712861513, 26.363287278553027, 16.159593361164656, 4.962961928108617, 2.650948464446016, 18.1291462269816, 14.729881233281525, 22.427634062697287, 3.466914053066083, 1.6895080406215448, 3.758001263558526, 6.671618003617412, 3.792218605107667, 1.4480583076558475, ])
multipole_im = np.array([0.06999638007874692, -0.3376590459723448, 0.4184236789676062, -0.30915025748288005, 0.05743318722455487, -0.3120473757905722, 0.7438850656794034, -0.9307041598151624, 0.6628661072593915, -0.2729667143967123, 0.35203728268141005, -0.8758324821751718, 1.0629853401969853, -0.7534074482863637, 0.2909778794453203, -0.23709313090808082, 0.5825244006990005, -0.692977849925486, 0.48884189552598045, -0.19052481000289861, 0.0344294765203825, -0.18664968331063425, 0.20405935001191236, -0.1537250043552423, 0.014373931330436962, -0.36926216753572366, 0.9630699905149354, -1.2895261719188011, 0.9622895177694, -0.37105240853692223, 0.8257462538080259, 0.8609188038962421, -0.9500750726285847, -1.021390804849168, 0.6078180984750241, 0.6793790416092025, -0.18678062843200327, 0.4683709666371157, -0.627143893035584, 0.5080930058310522, -0.20905934440889007, 0.5458141193113171, -1.447136469103878, 1.9877559559564584, -1.5049181448225448, 0.6038327263561245, -1.1851376947933299, -1.3971658267704083, 1.3146830335324413, 1.6856451904661776, -0.7999588780828852, -1.118673368004866, 0.21959012525328359, -0.6377114902467738, 0.9272818210997257, -0.798460902104686, 0.35136912889681765, -0.45857408415737866, 1.1855661233174182, -1.664524826563691, 1.2686344450520923, -0.5412601602222394, 0.9430522046349376, 1.2160407641092177, -1.0384609685411954, -1.5044405416162858, 0.616983820690046, 1.005400873126206, -0.1756826810976867, 0.5217859855851743, -0.8071071962481084, 0.7107034320517549, -0.3432573289277403, 0.11608017603031612, -0.5094520923572683, 0.7392291348518205, -0.594258179852906, 0.15736256465938814, -0.41959238343530814, 1.108100425406655, -1.666080012454033, 1.350950651684167, -0.5860091272584393, 0.4274996047854011, -1.2545554591107184, 1.9406463812771184, -1.6354863812779514, 0.7024880316230643, -0.23913591677968266, 0.7641408160335155, -1.216142372096109, 1.0614076930960916, -0.46350969499499334, 0.01507616336336437, -0.21432306705298254, 0.36043440076248834, -0.35196760126488386, 0.08895146316130487, ])
abs 5.796291804115915e-8 rel 8.666849166174465e-7
 expected [Complex { re: 0.03841316473241025, im: 0.054746813583521806 }] found [Complex { re: 0.03841313242654346, im: 0.05474686170867987 }]
thread 'fmm::single_node::test::test_upward_pass_vector_helmholtz' panicked at kifmm/src/fmm/single_node.rs:714:9:
assertion failed: rel_error <= 1e-10
note: run with `RUST_BACKTRACE=1` environment variable to display a backtrace


failures:
    fmm::single_node::test::test_upward_pass_vector_helmholtz

test result: FAILED. 0 passed; 1 failed; 0 ignored; 0 measured; 53 filtered out; finished in 0.26s

