
running 0 tests

test result: ok. 0 passed; 0 failed; 0 ignored; 0 measured; 0 filtered out; finished in 0.00s


running 0 tests

test result: ok. 0 passed; 0 failed; 0 ignored; 0 measured; 4 filtered out; finished in 0.00s


running 1 test
test fmm::single_node::test::test_upward_pass_vector_helmholtz ... FAILED

failures:

---- fmm::single_node::test::test_upward_pass_vector_helmholtz stdout ----
upward check [-0.9872449749898808, -0.2427762762010358, 0.5016924225878092, 1.2461611213766544, 1.9906298201654993, -0.9872449749898808, -0.2427762762010358, 0.5016924225878092, 1.2461611213766544, 1.9906298201654993, -0.9872449749898808, -0.2427762762010358, 0.5016924225878092, 1.2461611213766544, 1.9906298201654993, -0.9872449749898808, -0.2427762762010358, 0.5016924225878092, 1.2461611213766544, 1.9906298201654993, -0.9872449749898808, -0.2427762762010358, 0.5016924225878092, 1.2461611213766544, 1.9906298201654993, -0.9872449749898808, -0.2427762762010358, 0.5016924225878092, 1.2461611213766544, 1.9906298201654993, -0.9872449749898808, 1.9906298201654993, -0.9872449749898808, 1.9906298201654993, -0.9872449749898808, 1.9906298201654993, -0.9872449749898808, -0.2427762762010358, 0.5016924225878092, 1.2461611213766544, 1.9906298201654993, -0.9872449749898808, -0.2427762762010358, 0.5016924225878092, 1.2461611213766544, 1.9906298201654993, -0.9872449749898808, 1.9906298201654993, -0.9872449749898808, 1.9906298201654993, -0.9872449749898808, 1.9906298201654993, -0.9872449749898808, -0.2427762762010358, 0.5016924225878092, 1.2461611213766544, 1.9906298201654993, -0.9872449749898808, -0.2427762762010358, 0.5016924225878092, 1.2461611213766544, 1.9906298201654993, -0.9872449749898808, 1.9906298201654993, -0.9872449749898808, 1.9906298201654993, -0.9872449749898808, 1.9906298201654993, -0.9872449749898808, -0.2427762762010358, 0.5016924225878092, 1.2461611213766544, 1.9906298201654993, -0.9872449749898808, -0.2427762762010358, 0.5016924225878092, 1.2461611213766544, 1.9906298201654993, -0.9872449749898808, -0.2427762762010358, 0.5016924225878092, 1.2461611213766544, 1.9906298201654993, -0.9872449749898808, -0.2427762762010358, 0.5016924225878092, 1.2461611213766544, 1.9906298201654993, -0.9872449749898808, -0.2427762762010358, 0.5016924225878092, 1.2461611213766544, 1.9906298201654993, -0.9872449749898808, -0.2427762762010358, 0.5016924225878092, 1.2461611213766544, 1.9906298201654993, -0.9882881117610245, -0.9882881117610245, -0.9882881117610245, -0.9882881117610245, -0.9882881117610245, -0.24381941297217946, -0.24381941297217946, -0.24381941297217946, -0.24381941297217946, -0.24381941297217946, 0.5006492858166656, 0.5006492858166656, 0.5006492858166656, 0.5006492858166656, 0.5006492858166656, 1.2451179846055105, 1.2451179846055105, 1.2451179846055105, 1.2451179846055105, 1.2451179846055105, 1.9895866833943556, 1.9895866833943556, 1.9895866833943556, 1.9895866833943556, 1.9895866833943556, -0.9882881117610245, -0.9882881117610245, -0.9882881117610245, -0.9882881117610245, -0.9882881117610245, -0.24381941297217946, -0.24381941297217946, 0.5006492858166656, 0.5006492858166656, 1.2451179846055105, 1.2451179846055105, 1.9895866833943556, 1.9895866833943556, 1.9895866833943556, 1.9895866833943556, 1.9895866833943556, -0.9882881117610245, -0.9882881117610245, -0.9882881117610245, -0.9882881117610245, -0.9882881117610245, -0.24381941297217946, -0.24381941297217946, 0.5006492858166656, 0.5006492858166656, 1.2451179846055105, 1.2451179846055105, 1.9895866833943556, 1.9895866833943556, 1.9895866833943556, 1.9895866833943556, 1.9895866833943556, -0.9882881117610245, -0.9882881117610245, -0.9882881117610245, -0.9882881117610245, -0.9882881117610245, -0.24381941297217946, -0.24381941297217946, 0.5006492858166656, 0.5006492858166656, 1.2451179846055105, 1.2451179846055105, 1.9895866833943556, 1.9895866833943556, 1.9895866833943556, 1.9895866833943556, 1.9895866833943556, -0.9882881117610245, -0.9882881117610245, -0.9882881117610245, -0.9882881117610245, -0.9882881117610245, -0.24381941297217946, -0.24381941297217946, -0.24381941297217946, -0.24381941297217946, -0.24381941297217946, 0.5006492858166656, 0.5006492858166656, 0.5006492858166656, 0.5006492858166656, 0.5006492858166656, 1.2451179846055105, 1.2451179846055105, 1.2451179846055105, 1.2451179846055105, 1.2451179846055105, 1.9895866833943556, 1.9895866833943556, 1.9895866833943556, 1.9895866833943556, 1.9895866833943556, -0.9888227415626252, -0.9888227415626252, -0.9888227415626252, -0.9888227415626252, -0.9888227415626252, -0.9888227415626252, -0.9888227415626252, -0.9888227415626252, -0.9888227415626252, -0.9888227415626252, -0.9888227415626252, -0.9888227415626252, -0.9888227415626252, -0.9888227415626252, -0.9888227415626252, -0.9888227415626252, -0.9888227415626252, -0.9888227415626252, -0.9888227415626252, -0.9888227415626252, -0.9888227415626252, -0.9888227415626252, -0.9888227415626252, -0.9888227415626252, -0.9888227415626252, -0.24435404277378014, -0.24435404277378014, -0.24435404277378014, -0.24435404277378014, -0.24435404277378014, -0.24435404277378014, -0.24435404277378014, -0.24435404277378014, -0.24435404277378014, -0.24435404277378014, -0.24435404277378014, -0.24435404277378014, -0.24435404277378014, -0.24435404277378014, -0.24435404277378014, -0.24435404277378014, 0.5001146560150649, 0.5001146560150649, 0.5001146560150649, 0.5001146560150649, 0.5001146560150649, 0.5001146560150649, 0.5001146560150649, 0.5001146560150649, 0.5001146560150649, 0.5001146560150649, 0.5001146560150649, 0.5001146560150649, 0.5001146560150649, 0.5001146560150649, 0.5001146560150649, 0.5001146560150649, 1.2445833548039098, 1.2445833548039098, 1.2445833548039098, 1.2445833548039098, 1.2445833548039098, 1.2445833548039098, 1.2445833548039098, 1.2445833548039098, 1.2445833548039098, 1.2445833548039098, 1.2445833548039098, 1.2445833548039098, 1.2445833548039098, 1.2445833548039098, 1.2445833548039098, 1.2445833548039098, 1.989052053592755, 1.989052053592755, 1.989052053592755, 1.989052053592755, 1.989052053592755, 1.989052053592755, 1.989052053592755, 1.989052053592755, 1.989052053592755, 1.989052053592755, 1.989052053592755, 1.989052053592755, 1.989052053592755, 1.989052053592755, 1.989052053592755, 1.989052053592755, 1.989052053592755, 1.989052053592755, 1.989052053592755, 1.989052053592755, 1.989052053592755, 1.989052053592755, 1.989052053592755, 1.989052053592755, 1.989052053592755]
NBOX Some(1)
abs 5.796291804115915e-8 rel 8.666849166174465e-7 
 expected [Complex { re: 0.03841316473241025, im: 0.054746813583521806 }] found [Complex { re: 0.03841313242654346, im: 0.05474686170867987 }]
thread 'fmm::single_node::test::test_upward_pass_vector_helmholtz' panicked at kifmm/src/fmm/single_node.rs:714:9:
assertion failed: rel_error <= 1e-10
note: run with `RUST_BACKTRACE=1` environment variable to display a backtrace


failures:
    fmm::single_node::test::test_upward_pass_vector_helmholtz

test result: FAILED. 0 passed; 1 failed; 0 ignored; 0 measured; 53 filtered out; finished in 0.26s

